127
83
47
74
55
64
90
53
90
56
62
46
76
55
71
52
68
54
71
59
77
54
63
47
76
53
72
60
53
79
62
70
45
64
59
76
48
73
62
79
46
71
53
63
49
43
66
44
68
51
48
77
44
55
48
70
47
80
54
58
50
53
53
41
75
45
74
42
66
41
59
44
48
70
56
58
50
80
63
92
128
145
130
97
130
63
131
101
46
72
58
80
63
75
95
110
66
126
77
109
60
88
60
87
53
71
74
94
82
87
69
114
96
93
95
109
132
109
100
128
111
113
115
113
118
114
90
109
84
60
69
80
65
76
56
82
49
82
52
186
74
126
87
97
88
69
78
91
68
76
62
73
62
86
71
70
87
59
64
72
73
57
81
76
72
53
42
63
52
77
98
70
92
63
77
123
120
119
119
133
109
118
83
57
86
56
83
94
77
81
80
104
59
80
77
86
81
45
81
53
64
61
65
53
38
157
176
149
202
109
136
151
164
135
109
130
178
99
334
150
66
98
59
182
80
135
83
79
59
93
58
73
74
72
57
87
55
100
50
77
75
504
524
71
65
449
182
162
91
101
114
160
82
48
76
63
127
63
96
99
135
70
77
69
79
69
88
54
81
51
394
408
317
295
57
41
59
63
52
87
56
76
40
65
64
78
47
76
43
43
54
35
45
70
36
81
34
66
43
62
40
38
62
44
74
38
59
43
24
48
23
42
28
32
55
43
72
29
36
60
34
72
38
51
25
21
40
23
30
26
18
48
24
40
20
73
13
19
33
25
60
37
79
24
38
26
26
38
29
74
25
22
71
27
45
26
52
27
45
34
54
23
77
24
17
50
26
62
12
48
31
39
31
64
14
31
38
17
33
27
11
49
31
50
12
47
33
32
21
51
13
48
21
34
17
63
16
60
17
47
12
24
20
22
21
14
37
21
37
25
28
20
38
23
22
11
27
10
34
18
5
29
17
8
9
25
8
34
8
13
23
8
30
8
10
25
15
25
11
35
23
11
37
6
27
7
30
7
6
8
6
11
9
25
6
26
8
32
18
7
36
5
9
14
9
21
8
30
9
38
6
25
11
10
5
14
9
8
34
12
36
8
32
10
26
11
37
6
10
18
10
40
17
19
18
7
39
7
6
23
10
18
12
37
8
24
10
11
24
14
34
8
8
25
9
31
9
37
5
25
11
11
49
19
5
24
12
22
19
12
7
9
25
7
20
7
6
19
10
17
11
35
13
30
12
7
7
25
12
40
5
5
15
19
