6.91608
6.9422
6.95273
6.96331
6.97393
6.98459
6.99528
7.00602
7.01678
7.03298
7.0384
7.05468
7.06556
7.07646
7.08738
7.10378
7.10925
7.12021
7.13117
7.14214
7.15311
7.16409
7.17506
7.18603
7.197
7.20796
7.21891
7.22985
7.24077
7.25169
7.26258
7.27346
7.28431
7.29515
7.30596
7.31674
7.3275
7.33823
7.34892
7.35959
7.37022
7.38081
7.39137
7.40189
7.41236
7.4228
7.43319
7.44354
7.45385
7.4641
7.47431
7.48447
7.49458
7.50463
7.51463
7.52458
7.53448
7.54431
7.5541
7.56382
7.57348
7.58309
7.59263
7.60212
7.61154
7.62091
7.6302
7.63944
7.64861
7.65772
7.66675
7.67571
7.68458
7.69338
7.70208
7.7107
7.71922
7.73182
7.73596
7.74418
7.75229
7.76029
7.76817
7.77594
7.78359
7.79112
7.79853
7.8058
7.81296
7.81998
7.82687
7.83362
7.84024
7.84673
7.85308
7.8593
7.86538
7.87132
7.87712
7.88279
7.88832
7.89372
7.89897
7.90409
7.90907
7.91391
7.91862
7.92319
7.92761
7.93191
7.93606
7.94007
7.94394
7.94767
7.95126
7.95472
7.95803
7.96121
7.96425
7.96716
7.96993
7.97256
7.97506
7.97743
7.97966
7.98177
7.98374
7.98559
7.9873
7.98889
7.99036
7.99172
7.99295
7.99408
7.9951
7.99601
7.99682
7.99752
7.99812
7.99862
7.99904
7.99937
7.99963
7.99982
7.99995
8.00003
8.00008
8.00009
8.00009
8.00007
8.00004
8.00002
8.00001
8
8
8
8
8
8
8
8
8
8
8
8
8
8
8
8
8
8
8
8
8
8
8
8
8
8
8
8
8
8
8
8
8
8
8
8
8
8
8
8
8
8
8
8
8
8
8
8
8
8
8
8
8
8
8
8
8
8
8
8
8
8
8
8
8
8
8
8
8
8
8
8
8
8
8
8
8
8
8
8
8
8
8
8
8
8
8
8
8
8
8
8
8
8
8
8
8
8
8
8
8
8
8
8
8
8
8
8
8
8
8
8
8
8
8
8
8
8
8
8
8
8
8
8
8
8
8
8
