0.000711259
5.40673e-05
  0.0634977
0.000711259
5.40673e-05
  0.0634977
0.000711259
5.40673e-05
  0.0634977
0.000711259
5.40673e-05
  0.0634977
0.000711259
5.40673e-05
  0.0634977
0.000795572
0.000225327
  0.0634946
0.000896182
0.000429692
  0.0634908
 0.00112132
0.000887008
  0.0634824
0.00128042
0.00121018
 0.0634765
0.00158617
0.00183125
 0.0634651
0.00183916
0.00234518
 0.0634557
0.00213489
0.00294596
 0.0634447
0.00247615
0.00363928
  0.063432
0.00307934
0.00486483
 0.0634095
0.00354613
0.00581335
 0.0633921
 0.0043496
0.00744616
 0.0633621
 0.0049576
0.00868185
 0.0633395
0.00562615
 0.0100407
 0.0633146
0.00635745
 0.0115272
 0.0632873
0.00715361
 0.0131457
 0.0632577
0.00801666
 0.0149003
 0.0632255
0.00894856
 0.0167949
 0.0631908
0.0104796
0.0199078
0.0631338
0.0115916
0.0221691
0.0630923
0.0127787
0.0245832
0.0630481
0.0140415
0.0271531
0.0630011
0.0153809
0.0298817
0.0629511
0.0175348
0.0342777
0.0628708
0.0190682
0.0374144
0.0628136
0.0206803
0.0407185
0.0627534
0.0223716
0.0441926
0.0626902
0.0241428
0.0478387
 0.062624
0.0259943
 0.051659
0.0625547
0.0279266
0.0556553
0.0624824
0.0309777
 0.061984
 0.062368
 0.033114
0.0664284
0.0622879
0.0353325
0.0710549
0.0622046
0.0376336
 0.075865
0.0621181
0.0400175
0.0808601
0.0620284
0.0424845
0.0860414
0.0619356
0.0450347
0.0914101
0.0618395
0.0476685
0.0969672
0.0617402
0.0503858
 0.102714
0.0616377
0.0546189
 0.111691
0.0614779
0.0575458
 0.117915
0.0613673
0.0620934
 0.127612
0.0611953
0.0652301
 0.134318
0.0610765
0.0684508
 0.141217
0.0609545
0.0717552
 0.148311
0.0608293
0.0751435
 0.155599
0.0607007
0.0786153
 0.163081
 0.060569
0.0839797
  0.17467
0.0603653
0.0876601
 0.182639
0.0602254
0.0914235
 0.190803
0.0600823
0.0952697
 0.199162
 0.059936
0.0991984
 0.207716
0.0597864
 0.103209
 0.216464
0.0596337
 0.107302
 0.225406
0.0594778
 0.113595
 0.239182
0.0592379
0.117891
0.248607
0.059074
0.122268
0.258226
0.058907
 0.126726
 0.268036
0.0587369
 0.133561
  0.28311
0.0584758
 0.138218
 0.293398
0.0582979
 0.142952
 0.303876
0.0581169
 0.147765
 0.314543
0.0579329
 0.152656
 0.325397
0.0577458
 0.157623
  0.33644
0.0575558
0.165218
0.353352
0.057265
 0.170376
 0.364859
0.0570675
 0.175608
 0.376549
0.0568671
 0.180915
 0.388422
0.0566637
 0.186297
 0.400478
0.0564574
 0.194506
 0.418899
0.0561426
 0.200069
 0.431404
0.0559292
0.205705
0.444086
0.055713
 0.211411
 0.456946
0.0554939
 0.217189
  0.46998
0.0552721
 0.223036
 0.483188
0.0550475
 0.228952
  0.49657
0.0548202
 0.234938
 0.510122
0.0545902
 0.244043
 0.530769
0.0542402
 0.250196
 0.544743
0.0540036
 0.259551
 0.566017
0.0536437
 0.265869
 0.580405
0.0534006
 0.275466
 0.602291
0.0530312
 0.281943
 0.617083
0.0527817
 0.288482
 0.632033
0.0525299
 0.298407
 0.654754
0.0521475
 0.308467
 0.677823
0.0517597
 0.315248
 0.693393
0.0514982
 0.325529
 0.717032
0.0511016
 0.335939
 0.741004
0.0506999
 0.346476
 0.765306
0.0502932
 0.357137
 0.789931
0.0498815
  0.36792
 0.814873
0.0494649
 0.378822
 0.840127
0.0490436
 0.386154
 0.857134
0.0487601
 0.397248
 0.882895
0.0483311
 0.408455
 0.908954
0.0478975
0.415987
0.926488
0.047606
 0.423567
  0.94415
0.0473126
 0.431194
 0.961938
0.0470173
 0.442722
 0.988852
0.0465709
 0.450466
  1.00695
0.0462711
 0.458254
  1.02517
0.0459698
 0.466087
   1.0435
0.0456669
 0.477918
  1.07122
0.0452095
 0.489845
   1.0992
0.0447487
 0.497848
    1.118
0.0444396
 0.513976
  1.15592
0.0438171
 0.522099
  1.17504
0.0435037
 0.538461
  1.21359
0.0428727
 0.554969
  1.25255
0.0422366
 0.563276
  1.27218
0.0419167
 0.579993
  1.31173
0.0412735
 0.596841
  1.35165
0.0406259
 0.609562
  1.38182
0.0401374
 0.622351
   1.4122
0.0396468
 0.635206
  1.44277
0.0391543
 0.643812
  1.46325
0.0388251
 0.656772
  1.49412
0.0383297
 0.665446
   1.5148
0.0379986
 0.674145
  1.53555
0.0376667
  0.68287
  1.55639
0.0373341
 0.691618
  1.57729
0.0370008
 0.704786
  1.60878
0.0364995
 0.713592
  1.62986
0.0361645
 0.722421
  1.65101
0.0358289
 0.735703
  1.68286
0.0353242
 0.744584
  1.70417
0.0349869
0.753485
 1.72554
0.034649
 0.762406
  1.74698
0.0343105
 0.771346
  1.76847
0.0339714
 0.784792
  1.80081
0.0334617
 0.793779
  1.82245
0.0331212
 0.807293
  1.85499
0.0326095
 0.825378
  1.89857
0.0319271
 0.838994
  1.93139
0.0314164
 0.857221
  1.97531
0.0307389
  0.87095
  2.00837
0.0302346
 0.889336
   2.0526
0.0295691
 0.903188
  2.08589
0.0290762
 0.926401
  2.14158
0.0282692
0.940406
  2.1751
0.027795
 0.963884
  2.23117
0.0270241
0.982792
 2.27618
0.026427
 0.99705
 2.31003
0.025992
  1.01616
  2.35528
0.0254307
  1.03058
  2.38929
0.0250247
  1.04506
  2.42337
0.0246324
  1.05476
  2.44612
0.0243789
  1.07425
  2.49171
0.0238916
  1.09385
   2.5374
0.0234302
   1.1086
  2.57173
0.0231004
  1.12339
   2.6061
0.0227847
  1.13327
  2.62904
0.0225817
  1.14809
  2.66348
0.0222886
   1.1728
  2.72095
0.0218314
  1.18267
  2.74397
0.0216582
