200
182
131
133
148
119
129
136
125
115
115
101
90
108
103
63
109
42
90
62
55
67
62
61
78
63
50
51
72
48
86
51
36
43
50
43
50
48
47
32
46
818
114
112
98
134
97
94
90
92
82
74
75
90
142
135
143
123
146
136
127
87
153
138
86
123
57
154
68
107
150
124
125
69
133
186
114
167
165
128
113
101
111
96
89
80
69
61
96
124
102
112
59
120
154
76
137
134
85
103
92
81
45
63
132
139
138
139
140
112
128
121
225
120
117
177
240
153
197
155
120
185
98
121
200
155
143
125
151
147
160
128
153
131
131
35
94
123
110
33
101
100
42
90
42
56
47
18
49
48
37
45
48
50
33
49
51
25
42
34
29
70
18
32
41
46
21
29
31
33
30
25
18
18
43
31
279
119
114
121
89
70
154
114
218
116
232
91
184
87
169
161
87
84
101
174
179
108
108
105
166
196
171
66
76
124
57
111
166
178
171
171
189
107
121
117
115
95
103
100
147
183
135
142
168
166
155
97
155
105
49
111
98
93
100
50
112
86
91
65
99
78
91
59
68
88
64
75
77
55
60
105
60
72
52
53
84
55
75
45
80
78
39
75
43
