246
233
217
210
211
226
234
229
293
269
172
317
258
222
277
220
280
288
188
200
227
247
301
249
238
272
199
221
228
377
235
254
204
233
221
279
360
238
206
293
297
243
263
246
225
255
290
190
279
294
345
423
436
377
386
269
510
346
376
243
252
394
393
278
287
483
253
240
277
380
445
407
263
188
103
207
194
239
669
290
345
338
293
334
270
332
510
244
472
359
345
526
283
298
308
368
323
260
373
357
397
255
246
247
345
230
291
279
266
364
298
253
301
358
370
381
421
414
418
337
394
345
404
417
342
440
443
339
441
351
329
343
363
318
217
307
316
333
283
362
318
357
401
516
210
285
271
240
235
234
270
310
430
483
402
406
290
345
291
348
257
384
264
204
318
502
489
263
261
470
285
502
278
521
544
448
467
266
189
261
474
254
413
461
450
240
276
242
398
502
460
461
288
239
443
283
271
225
277
186
166
201
539
267
214
448
203
275
345
224
532
514
427
351
458
119
299
343
265
392
279
270
268
373
213
274
346
411
217
196
128
263
290
347
587
635
318
334
265
374
345
298
164
275
197
393
564
293
240
251
183
233
237
302
323
218
181
212
177
311
343
522
277
217
209
184
239
168
209
271
172
157
210
141
240
166
221
151
238
156
179
128
157
161
120
178
121
131
184
126
196
113
140
214
121
190
92
95
117
113
98
121
161
79
130
202
292
180
183
180
180
144
211
158
200
192
200
150
175
141
152
129
193
160
149
182
60
285
100
150
99
105
135
118
58
144
118
78
116
107
111
212
85
142
96
83
141
66
83
156
66
66
141
64
157
70
137
66
103
66
71
145
52
81
104
69
169
40
128
131
71
118
64
81
168
66
53
162
