54
40
55
79
82
40
56
46
40
69
47
61
66
39
34
38
55
76
86
83
88
46
70
47
85
45
57
52
44
46
41
44
64
50
48
25
48
41
41
30
48
18
31
40
26
54
24
33
45
24
57
25
73
38
52
24
26
40
22
17
40
16
26
50
26
18
41
18
24
46
26
15
41
20
29
39
39
19
62
63
69
58
53
61
49
57
67
50
45
44
45
79
91
87
93
85
80
78
85
68
91
79
47
86
87
50
84
47
97
70
90
79
86
155
160
90
129
32
69
53
52
52
22
52
39
29
46
43
39
22
38
31
24
28
30
23
23
35
31
21
38
23
24
15
46
10
20
19
26
14
13
14
17
21
16
15
15
8
31
14
12
12
10
33
16
26
8
37
12
19
13
28
41
42
45
26
39
35
29
31
27
31
39
51
50
54
58
59
63
45
64
71
51
29
64
39
36
27
38
35
41
39
45
28
21
43
38
58
14
41
27
42
40
12
32
31
35
29
24
29
43
37
12
36
21
26
39
15
24
25
12
20
25
9
23
35
9
28
41
16
14
15
31
16
22
37
8
18
11
29
13
17
17
32
11
15
19
28
13
11
22
10
23
10
12
10
8
30
139
63
86
70
119
68
61
48
141
82
66
61
78
98
55
101
119
71
91
53
60
60
76
53
23
52
19
57
19
52
34
44
21
27
39
36
26
31
26
31
23
46
9
20
40
20
25
31
26
23
16
14
23
15
21
25
24
15
22
17
28
21
14
33
26
13
17
11
20
12
11
11
16
12
14
40
48
49
41
49
46
38
49
37
44
34
33
43
33
56
28
34
33
51
62
48
46
47
71
48
40
39
43
44
41
43
36
39
55
47
44
40
25
36
39
36
21
34
33
29
37
16
32
25
43
41
43
27
24
30
25
27
28
28
16
36
18
18
18
29
13
18
30
20
19
13
27
21
18
34
29
22
18
40
14
27
31
27
14
39
14
13
20
55
52
47
36
36
37
45
37
38
48
41
36
87
69
68
63
60
61
60
73
35
60
57
67
23
55
36
52
27
49
46
30
42
115
37
60
40
45
45
42
42
80
74
57
56
62
53
61
60
34
47
55
63
24
52
49
49
31
29
31
12
31
44
18
21
35
12
21
35
13
31
30
26
13
28
9
24
11
21
10
16
36
22
10
20
19
9
14
27
23
9
11
18
12
