1.8125
1.8125
1.8125
1.8125
1.8125
1.8125
1.8125
1.8125
1.8125
1.8125
1.8125
1.8125
1.8125
1.8125
1.8125
1.8125
1.80778
1.80714
1.80615
1.80686
1.80578
1.80467
1.8063
1.80515
1.80545
1.80467
1.8035
1.80454
1.80338
1.80333
1.80222
1.80115
1.80216
1.80116
1.80229
1.80139
1.79944
1.80017
1.79818
1.79632
1.78349
1.78198
1.78105
1.78144
1.77813
1.77647
1.77607
1.77478
1.7748
1.77302
1.76962
1.76994
1.76818
1.76422
1.7555
1.72928
1.72428
1.72439
1.72682
1.72356
1.7252
1.71081
1.71373
1.71325
1.70253
1.74746
1.62329
1.74512
1.68212
1.29207
1.60647
1.27769
1.50617
1.59384
1.51458
1.28121
1.4138
1.42326
1.27667
1.3768
1.27239
1.30593
1.30308
1.35337
1.34993
1.33065
1.29048
1.29
1.3086
1.32758
1.31194
1.31077
1.35571
1.44835
1.35264
1.30778
1.35538
1.3561
1.29754
1.25147
1.24175
1.20335
1.0747
0.984407
0.877384
0.799639
1.00563
0.885515
0.794988
0.807233
0.599671
0.523565
0.400204
0.430654
0.391745
0.30541
0.283272
0.334802
0.322971
0.313197
0.242495
0.235351
0.282439
0.277419
0.27489
0.351004
0.365675
0.355512
0.375859
0.611654
0.557994
0.576151
0.602066
0.605406
0.598577
0.633083
0.547574
0.547174
0.759046
0.735271
0.59192
0.57192
0.601604
0.613011
0.575342
0.603996
0.578296
0.57287
0.572326
0.584797
0.607733
0.590131
0.590304
0.609691
0.620158
0.629122
0.640967
0.652721
0.67455
0.678815
0.715174
0.761075
0.78801
0.832966
0.898309
0.980156
1.20362
1.36641
1.54991
1.62756
1.73953
1.7996
1.80622
1.76772
1.75014
1.74394
1.51054
1.49275
1.73227
1.72796
1.72582
1.34942
1.72318
1.38661
1.72375
1.34274
1.69027
1.63135
1.39395
1.52872
1.52149
1.45722
1.34778
1.40135
1.38913
0.905946
1.37654
1.37159
1.36569
1.36296
1.35733
1.35451
0.93705
1.35208
1.3519
1.35325
1.3557
0.939852
1.36574
1.35551
1.38602
1.36655
1.37197
1.22444
1.10938
1.08036
0.9885
0.980156
0.812196
0.764755
0.715537
0.649247
0.552505
0.509122
0.473736
0.465228
0.430695
0.569808
0.551118
0.531984
0.35928
0.445411
0.454829
0.440694
0.405757
0.43068
0.416891
0.394331
0.362152
0.41489
0.403986
0.486654
0.369734
0.36821
0.499727
0.369938
0.357133
0.323796
0.28339
0.267418
0.258195
0.237955
0.221862
0.210063
0.267737
0.249477
0.238516
0.246791
0.236276
0.221532
0.212401
0.202509
0.194387
0.166353
0.160804
0.158299
0.156787
0.155535
0.15465
0.154111
0.151793
0.148798
0.323636
0.313905
0.304811
0.296357
0.169907
0.168324
0.275671
0.270746
0.262639
0.271163
0.262816
0.255485
0.249525
0.245632
0.245418
0.236245
0.231455
0.223857
0.217379
0.207733
0.201105
0.19362
0.183242
0.171277
0.148489
0.13442
0.12161
0.109812
0.0989646
0.0890021
0.0798705
0.071518
0.0640127
0.0569394
0.0506247
0.0449995
0.0397168
0.0350356
0.0308195
0.0270299
0.0236326
0.0206628
0.0179494
0.0155402
0.01341
0.0115338
0.00988612
0.00840276
0.00714911
0.00605928
0.00511604
0.00430362
0.00360724
0.00301296
0.00253177
0.00208159
0.00172259
0.00142186
0.00117104
0.000977205
0.000790761
0.000661155
0.000544141
0.000439097
0.000362725
0.000308715
0.000258075
0.000210844
0.000178235
0.000151783
0.000130281
0.000112737
0.000117323
8.64871e-05
7.66906e-05
6.858e-05
6.1877e-05
6.81154e-05
5.34655e-05
