0.96875
0.96875
0.96875
0.96875
0.96875
0.96875
0.96875
0.96875
0.96875
0.96875
0.96875
0.96875
0.96875
0.96875
0.96875
0.96875
0.96403
0.963392
0.962396
0.963108
0.96203
0.960924
0.962547
0.961398
0.961696
0.960916
0.959748
0.960789
0.959632
0.959578
0.958471
0.957396
0.958411
0.957414
0.958537
0.957641
0.955688
0.956424
0.95443
0.952575
0.939736
0.938233
0.9373
0.937685
0.934376
0.932723
0.932325
0.931026
0.931049
0.929274
0.925866
0.926188
0.92443
0.920468
0.911753
0.885534
0.880531
0.88064
0.883067
0.879806
0.881449
0.867063
0.86998
0.869502
0.858782
0.903712
0.779544
0.901373
0.838369
0.448319
0.762722
0.433938
0.662416
0.750088
0.670835
0.437462
0.57005
0.579514
0.432925
0.533051
0.428637
0.462185
0.459329
0.509617
0.506178
0.486903
0.446727
0.446253
0.464848
0.483826
0.46819
0.467016
0.511962
0.604604
0.508891
0.464031
0.51163
0.512354
0.45379
0.459371
0.449206
0.430716
0.347583
0.398757
0.310062
0.278709
0.439207
0.349179
0.307005
0.342224
0.222936
0.196397
0.142514
0.182578
0.170838
0.122118
0.116761
0.159607
0.156455
0.154032
0.108662
0.10746
0.145212
0.144015
0.144095
0.2694
0.286327
0.294714
0.316377
0.479336
0.476953
0.496151
0.52325
0.523042
0.516241
0.543137
0.480168
0.480711
0.605718
0.597822
0.519987
0.511928
0.532228
0.543615
0.553582
0.546156
0.554157
0.553389
0.553529
0.557568
0.558247
0.559309
0.560069
0.569674
0.574664
0.57884
0.584465
0.587778
0.594432
0.588889
0.616887
0.622845
0.632243
0.64702
0.66664
0.687776
0.726603
0.757485
0.896973
0.96875
0.96875
0.96875
0.962467
0.923967
0.906393
0.900188
0.666789
0.649005
0.888523
0.884207
0.882075
0.505667
0.879431
0.542859
0.880004
0.498994
0.846517
0.787599
0.5502
0.684966
0.677736
0.613466
0.504025
0.557599
0.545377
0.453451
0.532791
0.527843
0.521942
0.51921
0.513575
0.510762
0.508981
0.508329
0.508147
0.509502
0.511951
0.515991
0.521993
0.52992
0.542272
0.537462
0.528225
0.517199
0.428084
0.372306
0.31479
0.276355
0.244217
0.230148
0.185228
0.164228
0.149464
0.138754
0.130867
0.125047
0.119505
0.115312
0.112947
0.215
0.107817
0.103521
0.100126
0.0975038
0.153344
0.0946941
0.0939468
0.0938783
0.0945296
0.149112
0.142993
0.10092
0.0998347
0.0986742
0.0982436
0.0983453
0.0989662
0.0998502
0.0997805
0.0992493
0.0991383
0.100133
0.0948934
0.0895414
0.084885
0.0790483
0.0758378
0.0731158
0.0710059
0.066277
0.0633989
0.0609942
0.0590044
0.0566917
0.0555387
0.0546563
0.0537756
0.0534465
0.0532978
0.0532043
0.052313
0.0514572
0.128947
0.124199
0.119593
0.11513
0.110812
0.106641
0.102618
0.0987505
0.093254
0.0898052
0.08654
0.0834701
0.0806102
0.0779793
0.0756023
0.0735139
0.0710347
0.0699353
0.0694345
0.0671564
0.0649838
0.0611001
0.0574341
0.0536169
0.0462031
0.0417333
0.0376173
0.0338351
0.0303659
0.0271879
0.024283
0.0216332
0.01922
0.0170275
0.0150412
0.0132463
0.0116277
0.0101724
0.00886788
0.00770144
0.00666179
0.0057377
0.00491957
0.00419845
0.00356574
0.00301304
0.00253208
0.00211565
0.00175699
0.00144951
0.00118749
0.000965727
0.000779297
0.000623535
0.000494368
0.000388046
0.000301308
0.000231183
0.000175097
0.000130733
9.60967e-05
6.94214e-05
4.92031e-05
3.4138e-05
2.31327e-05
1.52643e-05
9.77668e-06
6.05305e-06
3.60539e-06
2.05565e-06
1.11572e-06
5.72455e-07
2.74522e-07
1.21081e-07
4.80041e-08
1.64913e-08
4.5927e-09
9.04588e-10
9.07491e-11
0.110247
0
0
0
0
0
0
0
0
0
0
0
0
0
0
0
0
0
0
0
0
0
0
0
0
0
0
0
0
0
0
0
0
0
0
0
0
0
0
0
0
0
0
0
0
0
0
0
0
0
0
0
0
0
0
0
0
0
0
0
0
0
0
0
0
0
0
0
0
0
0
0
0
0
0
0
0
0
0
0
0
0
0
0
0
0
0
0
0
0
0
0
0
0
0
0
0
0
0
0
0
0
0
0
0
0
0
0
0
0
0
0
0
0
0
0
0.051434
0
0.154093
0
0
0
0
0
0
0
0
0
0.159265
0
0
0
0
0
0
0
0
0
0
0
0
0
0
0.0221087
0
0
0
0
0
0
0
0
0
0
0
0
0
0
0
0.012364
0
0
0
0
0
0
0
0
0
0
0
0
0
0
0
0
0
0
0
0
0
0
0
0
0
0
0
0
0
0
0
0
0
0
0
0
0
0
0
0
0
0
0
0
0
0
0
0
0
0
0
0
0
0
0
0
0
0
0
0
0
0
0
0
0
0
0
0
0
0
0
0
0
0
0
0
0
0
0
0
0
0
0
0
0
0
0
0
0
0
0
0
0
0
0
0
0
0
0
0
0
0
0
0
0
0
0
0
0
0
0
0
0
0
0
0
0
0
0
0
0
0
0
0
0
0
0
0
0
0
0
0
0
0
0
0
0
0
0
0
0
0
0
0
0
0
0
0
0
0
0
0
0
0
0
0
0
0
0
0
0
0
0
0
0
0
0
0
0
0
0
0
0
0
0
0
0
0
0
0
0
0
0
0
0
0
0
0
0
0
0
0
0
0
0
0
0
0
0
0
0
0
0
0
0
0
0
0
0
0
0
0
0
0
0
0
0
0
0
0
0
0
0
0
0
0
0
0
0
0
0
0
0
0
0
0
0
0
0
0
0
0
0
0
0
0
0
0
0
0
0
0
0
0
0
0
0
0
0
0
0
0
0
0
0
0
0
0
0
0
0
0
0
0
0
0
0
0
0
0
0
0
0
0
0
0
0
0
0
0
0
0
0
0
0
0
0
0
0
0
0
0
0
0
0
0
0
0
0
0
0
0
0
0
0
0
0
0
0
0
0
0
0
0
0
0
0
0
0
0
0.0213349
0
0.0134877
0
0
0
0
0
0
0
0
0
0
0
0
0
0
0
0
0
0
0
0
0
0
0
0
0
0
0
0
0
0
0
0
0
0
0
0
0
0
0
0
0
0
0
0
0
0
0
0
0
0
0
0
0
0
0
0
0
0
0
0
0
0
0
0
0
0
0
0
0
0
0
0
0
0
0
0
0
0
0
0
0
0
0
0
0
0
0
0
0
0
0
0
0
0
0
0
0
0
0
0
0
0
0
0
0
0
0
0
0
0
0
0
0
0
0
0
0
0
0
0
0
0
0
0
0
0
0
0
0
0
0
0
0
0
0
0
0
0
0
0
0
0
0
0
0
0
0
0
0
0
0
0
0
0
0
0
0
0
0
0
0
0
0
0
0
0
0
0.0342843
0.029169
0.0255085
0
0
0.0420233
0.147626
0.0848272
0.0422255
0.262111
0
0
0
0
0
0
0
0.0667215
0
0
0
0
0
0
0
0
0
0
0
0
0
0
0
0
0
0
0
0
0
0
0
0.0125806
0.0127634
0
0
0
0
0
0
0
0
0
0
0
0
0
0
0
0
0
0
0
0
0
0
0
0
0
0
0
0
0
0
0
0
0
0
0
0
0
0
0
0
0
0
0
0
0
0
0
0
0
0
0
0
0
0
0
0
0
0
0
0
0
0
0
0
0
0
0
0
0
0
0
0
0
0
0
0
0
0
0
0
0
0
0
0
0
0
0
0
0
0
0
0
0
0
0
0
0
0.302397
0
0
0
0.985531
0
0.0926867
0
0
0
0
0
0
0
0
0
0
0
0
0
0
0
0
0
0
0
0
0
0
0
0
0
0
0
0
0
0
0
0
0
0
0
0
0
0
0
0
0
0
0
0
0
0
0
0
0
0
0
0
0
0
0
0
0
0
0
0
0
0
0
0
0
0
0
0
0
0
0
0
0
0
0
0
0
0
0
0
0
0
0
0
0
0
0
0
0
0
0
0
0
0.102173
0
0
0
0
0
0
0
0
0
0
0
0
0
0
0
0
0
0
0
0
0
0
0
0
0
0
0
0
0
0
0
0
0
0
0
0
0
0
0
0
0
0
0.0343643
0
0
0
0
0
0
0
0
0
0.0242926
0
0
0.047899
0
0
0
0
0
0
0
0
0
0
0.029272
0
0
0
0
0
0.0394861
0
0
0
0
0
0
0
0
0
0
0
0
0
0
0
0
0
0
0
0
0
0
0
0
0
0
0
0.0665911
0
0
0
0.030789
0.03236
0
0
0
0
0
0
0
0
0
0
0
0
0
0
0
0
0
0
0
0
0
0
0
0
0
0
0
0
0
0
0
0
0
0
0
0
0
0
0
0
0
0
0
0.0233828
0.0192629
0
0
0
0
0
0
0
0
0.025598
0.100317
0.0892185
0
0
0
0
0
0
0
0
0
0
0
0
0
0
0
0.00957307
0
0
0
0
0
0
0
0
0
0
0
0
0
0
0
0
0
0
0
0
0
0
0
0
0
0
0
0
0
0
0
0
0
0
0
0
0
0
0
0
0
0
0
0
0
0
0
0
0
0
0
0
0
0
0
0
0
0
0
0
0
0
0
0
0
0
0
0
0
0
0
0
0
0
0
0
0
0
0
0
0
0
0
0
0
0
0
0
0
0
0
0
0
0
0
0
0
0
0
0
0
0
0
0
0
0
0
0
0
0
0
0
0
0
0
0
0
0
0
0
0
0
0
0
0
0
0
0
0
0
0
0
0
0.18229
0
0
0
0
0
0
0
0
0
0
0
0
0
0
0
0
0
0
0
0
0
0
0
0
0
0
0
0
0
0
0
0
0
0
0
0
0
0
0
0
0
0
0
0
0
0
0
0
0
0
0
0
0
0
0
0
0
0
0
0
0
0
0
0
0
0
0
0
0
0
0
0
0
0
0
0
0
0
0
0
0
0
0
0
0
0
0
0
0
0
0
0
0
0
0
0
0
0
0
0
0
0
0
0
0
0
0
0
0
0
0
0
0
0
0
0
0
0
0
0
0
0
0
0
0
0
0
0
0
0
0
0
0
0
0
0
0
0
0
0
0
0
0
0
0
0
0
0.422642
0
0
0
0
0
0
0
0
0
0
0
0
0
0
0
0
0
0
0
0
0
0
0
0
0
0
0
0
0
0
0
0
0
0
0
0
0
0
0
0
0
0
0
0
0
0
0
0
0
0
0
0
0
0
0
0
0
0
0
0
0
0
0
0
0
0
0
0
0
0
0
0
0
0
0
0
0
0
0
0
0
0
0
0
0
0
0
0
0
0
0
0
0
0
0
0
0
0
0
0
0
0
0
0
0
0
0
0
0
0
0
0
0
0
0
0
0
0
0
0
0
0
0
0
0
0
0
0
0
0
0
0
0
0
0
0
0
0
0
0
0
0
0
0
0
0
0
0
0
0
0
0
0
0
0
0
0
0
0
0
0
0
0
0
0
0
0
0
0
0
0
0
0
0
0
0
0
0
0
0
0
0
0
0
0
0
0
0
0
0
0
0
0
0
0
0
0
0.442422
0.0436435
0
0
0
0
0
0.483148
0
0
0
0
0
0
0
0
0
0
0
0
0
0
0
0
0
0
0
0
0
0
0
0
0
0
0
0
0
0
0
0
0
0
0
0
0
0
0
0
0
0
0
0
0
0
0
0
0
0
0
0
0
0
0
0
0
0
0
0
0
0
0
0
0
0
0
0
0
0
0
0
0
0
0
0
0
0
0
0
0
0
0
0
0
0
0
0
0
0
0
0
0
0
0
0
0
0
0
0
0
0
0
0
0
0
0
0
0
0
0
0
0
0
0
0
0
0
0
0
0
0
0
0
0
0
0
0
0
0
0
0
0
0
0
0
0
0
0
0
0
0
0
0
0
0
0
0
0
0
0
0
0
0
0
0
0
0
0
0
0
0
0
0
0
0
0
0
0
0
0
0
0
0
0
0
0
0
0
0
0
0
0
0
