0.000478117193277725
0.000478117193277725
0.0004954589075278771
0.000499326009983176
0.0004945675649860071
0.0004910426326205112
0.0004896913139205628
0.00048616339618884796
0.00048522963300746643
0.0004858712589322838
0.0004906641408289165
0.0004922193996306427
0.0004953412492714565
0.0004974069374334601
0.0004994667941156313
0.0005006938364283413
0.0005030244963134206
0.0005042489688355902
0.0005068261950039878
0.0005089140934668104
0.0005101270746500705
0.0005124874760446956
0.0005148234975546898
0.0005162673281779371
0.0005184013882104735
0.0005209872371683475
0.0005233395254421342
0.0005242912375495563
0.0005269239464851768
0.0005278635503722346
0.0005302747282776037
0.0005317014758874748
0.0005329042971434737
0.0005348421373997482
0.0005377114775783958
0.0005401013528110591
0.0005410151867826326
0.0005436893674275817
0.0005446024413930037
0.0005462788053568232
0.0005482307643096127
0.0005511312078548951
0.0005507404784275171
0.0005517026464722646
0.0005541689435989515
0.0005553051816575436
0.000557764451415127
0.000559143108059013
0.000560041033752344
0.000562759874201449
0.0005649596394513513
3.141141152772076
1.382129598565609
1.2899201715406607
1.2164208364743436
1.2073625006191666
1.2552303895525394
1.2475409276774327
1.2359206108066825
1.2212788077793866
1.1875757539523337
1.1591818005242198
1.1203529944606805
1.1140365368527394
1.096403188422608
1.0781006411971
1.0677812782491616
1.0655680756509742
1.0566088366672783
1.0481186962290647
1.0397748999073615
1.015759833901358
1.023606339490977
1.0223571301118086
1.0007401847387738
0.9956203391710937
0.9862322065090937
0.9776132883611394
0.9713081127785048
0.9672402802738641
5.339972251511887
5.321580085087786
5.231471520950789
5.0974586076390045
4.919019686483281
4.741023359762249
4.520967643626706
4.324716722611406
4.160451766741039
4.040730886778821
3.936174725037034
3.825631536174143
3.6984773777447733
3.549927558095303
3.373206576272206
3.1286605130902796
2.8919591496707198
2.550756842961836
2.183739128518517
1.8632799269940508
1.6087198203290995
1.4410843696048452
1.300770963356527
1.2175615241435067
1.1514556712346056
1.1119118001359378
1.0988817260475117
1.0848836998698153
1.0617823679166032
1.0533337463346018
1.0243789975984445
1.026260805346814
1.0080115411103225
1.0065952857552525
1.0056634059215224
1.0115166988801327
1.0165240337000971
1.0060378590253893
1.0024729217104789
0.9907238354395865
0.9999964517510886
0.9920207241781979
0.9732437652292375
0.9787505914057203
0.9601364792893964
0.9638821440284625
0.9712939290950258
0.9637915859825399
0.9715284180172503
0.9548618968692649
0.9618441644117978
0.9608940859824657
0.9584194866348941
0.9551884059722292
0.9531128901634457
0.9494193080227183
0.9427780298284271
0.9315989978018527
0.9071859932423421
0.896471073318137
0.8694471298009155
0.8342238572505977
0.7771509200127378
5.581297138555864
5.621678524114127
5.652131377179466
0.6045267426016315
0.5302185092620121
0.41386632399501305
0.20639556248132745
0.11992864429479032
0.2270177236405249
0.368404239048581
0.5199655753524033
0.6105559244213322
0.7117086877300356
0.7795853270894528
0.8204282372193582
0.8583103414816434
0.8836016695796339
0.8928084358084674
0.9106688996066078
0.8905633355825442
0.8925362188626061
0.860210223717619
0.8178095019807243
0.7891792971708609
0.7688611037234351
0.7467318047544764
0.7326743504104144
0.7055752016172784
0.6870556254133781
0.6537308873260543
0.6094133268153201
0.6081871808586373
0.579724589574831
0.5595872579383586
0.5788930220426558
0.5723435869585134
0.6135877202440442
0.6197536405467063
0.6709370706422366
0.6810034451698869
0.6995476532301307
0.6999610238268036
0.7206817532175315
0.7012148273275748
0.7136485415919399
0.7213146507234531
0.7292942209921748
0.7164016144055113
0.6929598358118298
0.7144622686293137
0.714948435969141
0.7050390698045462
0.7180866283325725
0.7087510680217123
0.7213120209315789
0.7114709840265571
0.7206951915560084
0.7049331450766103
0.702388172656964
0.6766222643182475
0.6575727209798615
0.6266222310415912
0.5891233936025334
0.5534587468145159
0.5027268261164151
0.4627753391282565
0.4183680622427664
0.3635395370650799
0.31852577387854586
0.2758125258125576
0.2530033309021374
0.24456716838524895
0.24897876690263546
0.24618875719157812
0.24510296760669628
0.24510119422938395
0.24509760205771317
