-3.16103933817e-06
0.00402065900359
0.015179764441
0.0346466639709
0.058520763767
0.0879825739288
0.116932513682
0.12870841086
0.120410043444
0.112167422179
0.107651452695
0.104004898493
0.100627992953
0.0977599641172
-0.094955110338
-0.0786589487781
-0.0595081191088
-0.0442567311683
-0.0398113984588
0.0443157419989
0.0605282716898
0.085732985633
0.101923506255
0.099949259239
0.0905763062989
0.0832422645355
0.0985666964467
0.107117628295
0.113125063458
0.113175803132
0.111063481673
0.105073140171
0.103465981939
0.107936484669
0.125644682215
0.150715283497
0.185550651636
0.217093590155
0.247137138784
0.281090497573
0.316783419385
0.336069725588
0.362966630658
0.397073535813
0.42895293956
0.466979027676
0.50673451433
0.545645982678
0.6009365369
0.641717308707
0.708087541329
0.762065905853
0.81226514486
0.867990102308
0.911459365102
0.950791305791
0.987470348685
1.01075028328
1.05074232868
1.06572723067
1.07805230497
1.07423152262
1.06025860923
1.02320891422
0.953735089944
0.883872046056
0.795497169499
0.711680598033
0.63099453226
0.569557106688
0.521152071565
0.475319556338
0.434866699614
0.399916344639
0.369370527391
0.338085422846
0.312756007909
0.289186733022
0.266145425666
0.244886290466
0.226189183657
0.207875361178
0.190091813518
0.175564828519
-1.75520521682e-06
-0.00238041406456
0.0098613398883
0.0262891255719
0.0480586394408
0.0735261713631
0.101660540161
0.114009200935
0.117806913638
0.1140314705
0.101985042741
0.084977560005
0.0721656811883
0.0871019233282
0.124619399196
0.163138419831
0.217903395799
0.261656585147
0.293071008469
0.324712588808
0.364222887216
0.394915114295
0.4006159629
0.419975299243
0.417477434125
0.444681608031
0.453861732425
0.457214561826
0.501227769255
0.55020531058
0.568058712785
0.580840579277
0.584237652038
0.588053730846
0.587684877935
0.57042173846
0.588470626668
0.63981391731
0.678897790719
0.701812657696
0.700997366397
0.708700393879
0.712353780841
0.728380385769
0.715413200575
0.756405669117
0.763091111999
0.752970407577
0.769754334188
0.786292123224
0.829316976855
0.853983501077
0.84248471353
0.866933420654
0.899567542928
0.840336801628
0.814455323522
0.788790789207
0.738073826838
0.738165385056
0.699694504279
0.723616295429
0.704877163626
0.672794247835
0.650527203162
0.624421034898
0.609621855544
0.617089174271
0.649543331643
0.682399037089
0.664871726749
0.62796636033
0.57302833962
0.513948203873
0.460118395856
0.428730279305
0.395828722877
0.359938880903
0.321682990463
0.293087134347
0.261015047447
0.228719206829
0.200230084418
0.173003351936
0.132023328793
0.107740056047
0.0941787644346
0.0780352071135
0.0658644275394
0.0622168859919
0.0470024081538
0.0479228513162
0.0890840924578
0.193170097828
0.335445540505
0.457068724092
0.54544138316
0.593528454925
0.600284991769
0.567456688848
0.519930078731
0.457142220613
0.406049125357
0.374537077302
0.349282306484
0.317681783865
0.292583835085
0.268026105177
0.249562556817
0.23279757886
0.216153840615
0.199117379525
0.187993444023
0.177845414147
0.17169938116
0.168521688175
0.168151055999
0.169899727379
0.173135047044
