[0 0 0]
[0 0 0]
[0 0 0]
[0 0 0]
[0 0 0]
[0 0 0]
[0 0 0]
[0 0 0]
[0 0 0]
[0 0 0]
[0 0 0]
[0 0 0]
[0 0 0]
[0 0 0]
[0 0 0]
[0 0 0]
[0 0 0]
[0 0 0]
[0 0 0]
[0 0 0]
[0 0 0]
[0 0 0]
[0 0 0]
[0 0 0]
[0 0 0]
[0 0 0]
[0 0 0]
[0 0 0]
[0 0 0]
[0 0 0]
[0 0 0]
[0 0 0]
[0 0 0]
[0 0 0]
[0 0 0]
[0 0 0]
[0 0 0]
[0 0 0]
[0 0 0]
[0 0 0]
[0 0 0]
[0 0 0]
[0 0 0]
[0 0 0]
[0 0 0]
[0 0 0]
[0 0 0]
[0 0 0]
[0 0 0]
[0 0 0]
[0 0 0]
[0 0 0]
[0 0 0]
[0 0 0]
[0 0 0]
[0 0 0]
[0 0 0]
[0 0 0]
[0 0 0]
[0 0 0]
[0 0 0]
[0 0 0]
[0 0 0]
[0 0 0]
[0 0 0]
[0 0 0]
[0 0 0]
[0 0 0]
[0 0 0]
[0 0 0]
[0 0 0]
[0 0 0]
[0 0 0]
[0 0 0]
[0 0 0]
[0 0 0]
[0 0 0]
[0 0 0]
[0 0 0]
[0 0 0]
[0 0 0]
[0 0 0]
[0 0 0]
[0 0 0]
[0 0 0]
[0 0 0]
[0 0 0]
[0 0 0]
[0 0 0]
[0 0 0]
[0 0 0]
[0 0 0]
[0 0 0]
[0 0 0]
[0 0 0]
[0 0 0]
[0 0 0]
[0 0 0]
[0 0 0]
[0 0 0]
[0 0 0]
[0 0 0]
[0 0 0]
[0 0 0]
[0 0 0]
[0 0 0]
[0 0 0]
[0 0 0]
[0 0 0]
[0 0 0]
[0 0 0]
[0 0 0]
[0 0 0]
[0 0 0]
[0 0 0]
[0 0 0]
[0 0 0]
[0 0 0]
[0 0 0]
[0 0 0]
[0 0 0]
[0 0 0]
[0 0 0]
[0 0 0]
[0 0 0]
[0 0 0]
[0 0 0]
[0 0 0]
[0 0 0]
[0 0 0]
[0 0 0]
[0 0 0]
[0 0 0]
[0 0 0]
[0 0 0]
[0 0 0]
[0 0 0]
[0 0 0]
[0 0 0]
[0 0 0]
[0 0 0]
[0 0 0]
[0 0 0]
[0 0 0]
[0 0 0]
[0 0 0]
[0 0 0]
[0 0 0]
[0 0 0]
[0 0 0]
[0 0 0]
[0 0 0]
[0 0 0]
[0 0 0]
[0 0 0]
[0 0 0]
[0 0 0]
[0 0 0]
[0 0 0]
[0 0 0]
[0 0 0]
[0 0 0]
[0 0 0]
[0 0 0]
[0 0 0]
[0 0 0]
[0 0 0]
[0 0 0]
[0 0 0]
[0 0 0]
[0 0 0]
[0 0 0]
[0 0 0]
[0 0 0]
[0 0 0]
[0 0 0]
[0 0 0]
[0 0 0]
[0 0 0]
[0 0 0]
[0 0 0]
[0 0 0]
[0 0 0]
[0 0 0]
[0 0 0]
[0 0 0]
[0 0 0]
[0 0 0]
[0 0 0]
[0 0 0]
[0 0 0]
[0 0 0]
[0 0 0]
[0 0 0]
[0 0 0]
[0 0 0]
[0 0 0]
[0 0 0]
[0 0 0]
[0 0 0]
[0 0 0]
[0 0 0]
[0 0 0]
[0 0 0]
[2.05634511e-05 5.44595258e-05 0.00000000e+00]
[2.05634511e-05 5.44595258e-05 0.00000000e+00]
[2.05634511e-05 5.44595258e-05 0.00000000e+00]
[2.05634511e-05 5.44595258e-05 2.40000000e-01]
[2.05634511e-05 5.44595258e-05 5.60000000e-01]
[2.05634511e-05 5.44595258e-05 9.20000000e-01]
[2.05634511e-05 5.44595258e-05 1.20000000e+00]
[2.05634511e-05 5.44595258e-05 1.52000000e+00]
[2.05634511e-05 5.44595258e-05 1.84000000e+00]
[2.05634511e-05 5.44595258e-05 2.16000000e+00]
[2.05634511e-05 5.44595258e-05 2.48000000e+00]
[2.05634511e-05 5.44595258e-05 2.80000000e+00]
[3.26728667e-05 6.18526905e-05 2.60000000e+00]
[3.47299282e-04 2.53941640e-04 2.32000000e+00]
[0.00357276 0.00222181 2.        ]
[0.01259965 0.0077189  1.68      ]
[0.03413746 0.0208026  1.32      ]
[0.0651271  0.03960139 1.        ]
[0.10243027 0.06224821 0.72      ]
[0.15353056 0.09331926 0.4       ]
[0.22098357 0.13436859 0.08      ]
[ 0.29627882  0.18016264 -0.24      ]
[ 0.38909911  0.23655215 -0.56      ]
[ 0.49424052  0.30035325 -0.88      ]
[ 0.61093647  0.37110419 -1.24      ]
[ 0.71365083  0.43334433 -1.56      ]
[ 0.79713273  0.48389435 -1.84      ]
[ 0.92003668  0.55824819 -2.16      ]
[ 1.04936403  0.63640995 -2.52      ]
[ 1.17461685  0.71204199 -2.8       ]
[ 1.31444316  0.79641888 -2.96      ]
[ 1.43789923  0.87086777 -2.64      ]
[ 1.564276    0.94704283 -2.32      ]
[ 1.70405756  1.03124852 -1.96      ]
[ 1.83537378  1.11028106 -1.68      ]
[ 1.99092961  1.20360609 -1.36      ]
[ 2.14859999  1.2975722  -1.04      ]
[ 2.34232576  1.41176785 -0.68      ]
[ 2.46872324  1.4853396  -0.4       ]
[ 2.59575806  1.55842189 -0.56      ]
[ 2.71167626  1.62428436 -0.88      ]
[ 2.82792288  1.68946124 -1.2       ]
[ 2.95608459  1.76019986 -1.52      ]
[ 3.07275354  1.82349447 -1.84      ]
[ 3.24783361  1.91640773 -2.2       ]
[ 3.38779729  1.98879748 -2.48      ]
[ 3.52755075  2.05932482 -2.8       ]
[ 3.66703231  2.1280658  -3.12      ]
[3.81774909 2.20069031 2.84318531]
[3.95644423 2.26608585 2.52318531]
[4.0947129  2.32997814 2.20318531]
[4.24415207 2.3974798  1.88318531]
[4.4046436  2.46825312 1.56318531]
[4.57607589 2.54213561 1.24318531]
[4.78086737 2.62840936 1.28318531]
[4.87151404 2.6659834  1.60318531]
[4.95063109 2.69851387 1.88318531]
[5.06333851 2.74448573 2.20318531]
[5.18748924 2.79476121 2.52318531]
[5.3118987  2.84530207 2.84318531]
[ 5.41328311  2.88718803 -3.08      ]
[ 5.50269025  2.92497143 -2.8       ]
[ 5.62412542  2.97707711 -2.44      ]
[ 5.70031653  3.01075722 -2.16      ]
[ 5.79677624  3.05606248 -1.8       ]
[ 5.88087838  3.09942352 -1.48      ]
[ 5.95302561  3.14064287 -1.2       ]
[ 6.03345677  3.19101962 -0.88      ]
[ 6.13950407  3.26205051 -0.52      ]
[ 6.21315319  3.31397079 -0.24      ]
[6.28338663 3.36571054 0.08      ]
[6.34885593 3.4164676  0.4       ]
[6.40806232 3.4653704  0.72      ]
[6.46009637 3.51160537 1.04      ]
[6.50468236 3.55442128 1.36      ]
[6.54168936 3.59311315 1.68      ]
[6.57477589 3.63109164 2.04      ]
[6.59475135 3.65618841 2.32      ]
[6.61558312 3.68518424 2.64      ]
[6.62774486 3.70551299 3.        ]
[ 6.63363959  3.71846312 -3.00318531]
[ 6.6373007   3.73109806 -2.68318531]
[ 6.63844555  3.7436996  -2.32318531]
[ 6.63785275  3.75316047 -2.04318531]
[ 6.63632935  3.76450856 -1.72318531]
[ 6.63466341  3.77734831 -1.40318531]
[ 6.63360603  3.79477173 -1.04318531]
[ 6.63407524  3.81134403 -0.76318531]
[ 6.63673216  3.83441312 -0.44318531]
[ 6.64296363  3.86630637 -0.12318531]
[6.66096083 3.93342033 0.19681469]
[6.68588709 4.01096205 0.51681469]
[6.71809008 4.1018119  0.83681469]
[6.75998753 4.21261888 1.15681469]
[6.81929922 4.36193375 1.51681469]
[6.87532958 4.49819612 1.79681469]
[6.9407621  4.65355624 2.11681469]
[7.01111511 4.81744846 2.47681469]
[7.08546696 4.98808332 2.79681469]
[7.15311334 5.14157931 2.91681469]
[7.23264189 5.32036457 2.59681469]
[7.32404544 5.52407024 2.23681469]
[7.39597684 5.68330139 1.95681469]
[7.478572   5.86518324 1.63681469]
[7.56116691 6.04624778 1.31681469]
[7.64228843 6.22363337 0.99681469]
[7.72802249 6.41072265 0.63681469]
[7.78841888 6.54233935 0.35681469]
[7.84933888 6.67571375 0.03681469]
[ 7.90656224  6.80256091 -0.32318531]
[ 7.94633059  6.89146543 -0.64318531]
[ 7.97499876  6.95472038 -0.96318531]
[ 7.9924842   6.99006261 -1.28318531]
[ 7.99908073  7.00006935 -1.56318531]
[ 8.00002327  7.00001307 -1.76318531]
[ 8.00000019  7.00000148 -1.68318531]
[ 7.99999999  6.99999996 -1.56318531]
[ 8.          7.         -1.68318531]
[ 8.          7.         -1.80318531]
[ 8.          7.         -1.72318531]
[ 8.          7.         -1.72318531]
[ 8.          7.         -1.36318531]
[ 8.          7.         -1.04318531]
[ 8.          7.         -0.72318531]
[ 8.          7.         -0.40318531]
[ 8.          7.         -0.08318531]
[8.         7.         0.19681469]
[8.         7.         0.23681469]
[8.         7.         0.23681469]
[8.         7.         0.23681469]
[8.         7.         0.23681469]
[8.         7.         0.23681469]
[0 0 0]
[0 0 0]
[0 0 0]
[0 0 0]
[0 0 0]
[0 0 0]
[0 0 0]
[0 0 0]
[0 0 0]
[0 0 0]
[0 0 0]
[0 0 0]
[0 0 0]
[0 0 0]
[0 0 0]
[0 0 0]
[0 0 0]
[0 0 0]
[0 0 0]
[0 0 0]
[0 0 0]
[0 0 0]
[0 0 0]
[0 0 0]
[0 0 0]
[0 0 0]
[0 0 0]
[0 0 0]
[0 0 0]
[0 0 0]
[0 0 0]
[0 0 0]
[0 0 0]
[0 0 0]
[0 0 0]
[0 0 0]
[0 0 0]
[0 0 0]
[0 0 0]
[0 0 0]
[0 0 0]
[0 0 0]
[0 0 0]
[0 0 0]
[0 0 0]
[0 0 0]
[0 0 0]
[0 0 0]
[0 0 0]
[0 0 0]
[0 0 0]
[0 0 0]
[0 0 0]
[0 0 0]
[0 0 0]
[0 0 0]
[0 0 0]
[0 0 0]
[0 0 0]
[0 0 0]
[0 0 0]
[0 0 0]
[0 0 0]
[0 0 0]
[0 0 0]
[0 0 0]
[0 0 0]
[0 0 0]
[0 0 0]
[0 0 0]
[0 0 0]
[ 1.96952446e-05  5.41262083e-05 -8.00000000e-02]
[ 1.96952446e-05  5.41262083e-05 -8.00000000e-02]
[ 1.96952446e-05  5.41262083e-05 -8.00000000e-02]
[ 1.96952446e-05  5.41262083e-05 -8.00000000e-02]
[ 1.96952446e-05  5.41262083e-05 -8.00000000e-02]
[ 1.96952446e-05  5.41262083e-05 -8.00000000e-02]
[ 1.96952446e-05  5.41262083e-05 -8.00000000e-02]
[ 1.96952446e-05  5.41262083e-05 -8.00000000e-02]
[ 1.96952446e-05  5.41262083e-05 -8.00000000e-02]
[ 1.96952446e-05  5.41262083e-05 -8.00000000e-02]
[ 1.96952446e-05  5.41262083e-05 -8.00000000e-02]
[1.96952446e-05 5.41262083e-05 1.20000000e-01]
[1.96952446e-05 5.41262083e-05 4.40000000e-01]
[1.96952446e-05 5.41262083e-05 7.60000000e-01]
[1.96952446e-05 5.41262083e-05 1.08000000e+00]
[1.96952446e-05 5.41262083e-05 1.40000000e+00]
[1.96952446e-05 5.41262083e-05 1.72000000e+00]
[1.96952446e-05 5.41262083e-05 2.08000000e+00]
[1.96952446e-05 5.41262083e-05 2.36000000e+00]
[1.96952446e-05 5.41262083e-05 2.72000000e+00]
[1.96952446e-05 5.41262083e-05 2.92000000e+00]
[6.05211341e-05 7.90028923e-05 2.56000000e+00]
[7.87782778e-04 5.22148951e-04 2.28000000e+00]
[0.00438315 0.00271103 1.96      ]
[0.01345956 0.00822581 1.64      ]
[0.02961697 0.01802217 1.32      ]
[0.0541538  0.03288152 1.        ]
[0.09652393 0.05856624 0.64      ]
[0.13881953 0.08424862 0.36      ]
[0.1942165  0.11789906 0.04      ]
[ 0.25983189  0.1577285  -0.28      ]
[ 0.3529789   0.21420538 -0.64      ]
[ 0.45362199  0.27516085 -0.96      ]
[ 0.53693216  0.32558614 -1.24      ]
[ 0.64209132  0.38922008 -1.6       ]
[ 0.72213452  0.43764763 -1.88      ]
[ 0.83189584  0.50402411 -2.2       ]
[ 0.94761176  0.57395609 -2.52      ]
[ 1.07826738  0.65283501 -2.88      ]
[ 1.21452936  0.73502357 -2.72      ]
[ 1.31492787  0.79553717 -2.44      ]
[ 1.4384142  0.8699233 -2.12     ]
[ 1.58614529  0.95885055 -1.76      ]
[ 1.72638143  1.04315123 -1.44      ]
[ 1.85807024  1.12206331 -1.16      ]
[ 2.01401011  1.21498512 -0.8       ]
[ 2.17201113  1.30833583 -0.48      ]
[ 2.30877833  1.38832635 -0.2       ]
[ 2.43502692  1.46139321 -0.44      ]
[ 2.57351757  1.54060483 -0.8       ]
[ 2.68940327  1.60604679 -1.12      ]
[ 2.80562226  1.67082684 -1.44      ]
[ 2.91043005  1.72846631 -1.72      ]
[ 3.03872753  1.7979329  -2.04      ]
[ 3.17880897  1.87232497 -2.36      ]
[ 3.35386967  1.96307644 -2.72      ]
[ 3.48208242  2.02791388 -3.        ]
[3.61006563 2.09129997 2.96318531]
[3.77253357 2.17005987 2.60318531]
[3.91135279 2.23600755 2.32318531]
[4.03820523 2.29526169 2.00318531]
[4.17621027 2.35859211 1.68318531]
[4.31386679 2.42057379 1.36318531]
[4.47394834 2.49123214 1.04318531]
[4.64473782 2.56498102 0.80318531]
[4.78077498 2.62270911 1.12318531]
[4.89360508 2.67009953 1.48318531]
[4.97244419 2.70306548 1.76318531]
[5.06336494 2.74095063 2.08318531]
[5.19169466 2.79421804 2.44318531]
[5.27555341 2.82906013 2.72318531]
[5.38506538 2.87483661 3.00318531]
[5.49558034 2.92158143 3.04318531]
[ 5.65519398  2.99192963 -2.92      ]
[ 5.76466552  3.04381795 -2.56      ]
[ 5.84875366  3.08610064 -2.28      ]
[ 5.95499288  3.1428839  -1.92      ]
[ 6.04687695  3.19565671 -1.6       ]
[ 6.12371007  3.24381984 -1.32      ]
[ 6.20536143  3.30143454 -1.        ]
[ 6.28711808  3.36936744 -0.64      ]
[ 6.34318095  3.42273591 -0.36      ]
[ 6.39953709  3.48189834 -0.52      ]
[ 6.44803032  3.53691307 -0.84      ]
[ 6.4937266   3.59236305 -1.2       ]
[ 6.52317421  3.62997863 -1.        ]
[ 6.55074479  3.66642756 -0.68      ]
[ 6.57469201  3.69926654 -0.32      ]
[6.59351619e+00 3.72613760e+00 3.46944695e-16]
[6.60447665 3.74281444 0.32      ]
[6.6097597  3.75193608 0.6       ]
[6.6135714  3.76142968 0.96      ]
[6.61374969 3.76589596 1.24      ]
[6.61215385 3.76959657 1.56      ]
[6.60899282 3.77328766 1.88      ]
[6.60394827 3.77939999 2.2       ]
[6.59915122 3.78905296 2.52      ]
[6.59544938 3.80692476 2.88      ]
[ 6.59480025  3.82578672 -3.12318531]
[ 6.59573439  3.84298292 -2.80318531]
[ 6.5984199   3.8661244  -2.48318531]
[ 6.60571271  3.90708743 -2.12318531]
[ 6.61636318  3.9530816  -1.84318531]
[ 6.6283341   3.99747282 -1.48318531]
[ 6.64162937  4.04213025 -1.16318531]
[ 6.65926188  4.09693055 -0.84318531]
[ 6.68438926  4.16976419 -0.56318531]
[ 6.72175649  4.27128441 -0.24318531]
[6.75930236 4.36820804 0.07681469]
[6.80826647 4.48963901 0.39681469]
[6.86670275 4.62949957 0.75681469]
[6.9185108  4.75016089 1.03681469]
[6.98706759 4.90620198 1.35681469]
[7.06029102 5.06928981 1.67681469]
[7.13750001 5.23806167 1.99681469]
[7.21801346 5.41117972 2.31681469]
[7.30116989 5.58737031 2.31681469]
[7.38634854 5.76546657 1.99681469]
[7.4729921  5.94445518 1.67681469]
[7.56042046 6.12330914 1.35681469]
[7.64590897 6.29710096 1.03681469]
[7.72593957 6.45886415 0.71681469]
[7.79779133 6.60340295 0.39681469]
[7.86718457 6.74335477 0.03681469]
[ 7.91751093  6.84542269 -0.28318531]
[ 7.95613347  6.92345636 -0.60318531]
[ 7.98239426  6.97439189 -0.92318531]
[ 7.99566345  6.99562681 -1.20318531]
[ 8.00019978  7.00044759 -1.56318531]
[ 7.99999648  6.99999041 -1.24318531]
[ 8.00000002  6.99999993 -1.32318531]
[ 8.          7.         -1.40318531]
[ 8.          7.         -1.24318531]
[ 8.          7.         -1.16318531]
[ 8.          7.         -1.24318531]
[ 8.          7.         -0.92318531]
[ 8.          7.         -0.60318531]
[ 8.          7.         -0.44318531]
[ 8.          7.         -0.44318531]
[ 8.          7.         -0.44318531]
[ 8.          7.         -0.44318531]
[ 8.          7.         -0.44318531]
[ 8.          7.         -0.44318531]
[ 8.          7.         -0.44318531]
[ 8.          7.         -0.44318531]
[ 8.          7.         -0.44318531]
[ 8.          7.         -0.44318531]
[ 8.          7.         -0.44318531]
[ 8.          7.         -0.44318531]
[ 8.          7.         -0.44318531]
[ 8.          7.         -0.44318531]
[0 0 0]
[0 0 0]
[0 0 0]
[0 0 0]
[0 0 0]
[0 0 0]
[0 0 0]
[0 0 0]
[0 0 0]
[0 0 0]
[0 0 0]
[0 0 0]
[0 0 0]
[0 0 0]
[0 0 0]
[0 0 0]
[0 0 0]
[0 0 0]
[0 0 0]
[0 0 0]
[0 0 0]
[0 0 0]
[0 0 0]
[0 0 0]
[0 0 0]
[0 0 0]
[0 0 0]
[0 0 0]
[0 0 0]
[0 0 0]
[0 0 0]
[0 0 0]
[0 0 0]
[0 0 0]
[0 0 0]
[0 0 0]
[0 0 0]
[0 0 0]
[0 0 0]
[0 0 0]
[0 0 0]
[0 0 0]
[0 0 0]
[0 0 0]
[0 0 0]
[0 0 0]
[0 0 0]
[0 0 0]
[0 0 0]
[0 0 0]
[0 0 0]
[0 0 0]
[0 0 0]
[0 0 0]
[0 0 0]
[0 0 0]
[0 0 0]
[0 0 0]
[0 0 0]
[0 0 0]
[0 0 0]
[0 0 0]
[0 0 0]
[0 0 0]
[0 0 0]
[0 0 0]
[0 0 0]
[0 0 0]
[0 0 0]
[0 0 0]
[0 0 0]
[0 0 0]
[0 0 0]
[0 0 0]
[0 0 0]
[0 0 0]
[0 0 0]
[0 0 0]
[0 0 0]
[0 0 0]
[0 0 0]
[0 0 0]
[0 0 0]
[0 0 0]
[1.97509320e-05 5.41030523e-05 2.40000000e-01]
[1.97509320e-05 5.41030523e-05 5.60000000e-01]
[1.97509320e-05 5.41030523e-05 8.80000000e-01]
[1.97509320e-05 5.41030523e-05 1.20000000e+00]
[1.97509320e-05 5.41030523e-05 1.52000000e+00]
[1.97509320e-05 5.41030523e-05 1.80000000e+00]
[1.97509320e-05 5.41030523e-05 2.16000000e+00]
[1.97509320e-05 5.41030523e-05 2.48000000e+00]
[1.97509320e-05 5.41030523e-05 2.80000000e+00]
[2.48594543e-05 5.72218067e-05 2.64000000e+00]
[3.46475701e-04 2.53565847e-04 2.32000000e+00]
[2.86493515e-03 1.78970718e-03 2.00000000e+00]
[0.01022981 0.00627313 1.68      ]
[0.0268643  0.01637563 1.36      ]
[0.05015793 0.03049408 1.04      ]
[0.08806554 0.05346129 0.72      ]
[0.12493402 0.07582238 0.44      ]
[0.18571451 0.1126994  0.12      ]
[ 0.27002717  0.16380209 -0.24      ]
[ 0.35292291  0.21397814 -0.56      ]
[ 0.44685605  0.2707703  -0.88      ]
[ 0.55124805  0.33383184 -1.2       ]
[ 0.64965237  0.39325155 -1.52      ]
[ 0.74657591  0.45176055 -1.84      ]
[ 0.85768354  0.51878869 -2.16      ]
[ 0.95627216  0.57822299 -2.44      ]
[ 1.09684567  0.66290156 -2.8       ]
[ 1.23377423  0.74532729 -3.12      ]
[ 1.36528931  0.82445264 -2.88      ]
[ 1.5004948  0.9057636 -2.56     ]
[ 1.6174275   0.97605857 -2.24      ]
[ 1.74729233  1.05409984 -1.92      ]
[ 1.89031789  1.13994925 -1.6       ]
[ 2.04664514  1.23339201 -1.28      ]
[ 2.20494071  1.32730446 -0.96      ]
[ 2.36481975  1.42115903 -0.64      ]
[ 2.51439448  1.50785563 -0.4       ]
[ 2.64160614  1.58062906 -0.72      ]
[ 2.76926381  1.65267751 -1.04      ]
[ 2.88559692  1.71741003 -1.36      ]
[ 3.01378985  1.78762271 -1.68      ]
[ 3.15378622  1.86284916 -2.        ]
[ 3.31711311  1.94859852 -2.32      ]
[ 3.44531213  2.01431301 -2.64      ]
[ 3.57332691  2.07854255 -2.96      ]
[3.71269748 2.14701191 3.00318531]
[3.86327529 2.21945098 2.68318531]
[4.00183408 2.28479543 2.36318531]
[4.09401533 2.32754874 2.16318531]
[4.09401533 2.32754874 2.16318531]
[4.09401533 2.32754874 2.16318531]
[4.09401533 2.32754874 2.16318531]
[0 0 0]
[0 0 0]
[0 0 0]
[0 0 0]
[0 0 0]
[0 0 0]
[0 0 0]
[0 0 0]
[0 0 0]
[0 0 0]
[0 0 0]
[0 0 0]
[0 0 0]
[0 0 0]
[0 0 0]
[0 0 0]
[0 0 0]
[0 0 0]
[0 0 0]
[0 0 0]
[0 0 0]
[0 0 0]
[0 0 0]
[0 0 0]
[0 0 0]
[0 0 0]
[0 0 0]
[0 0 0]
[0 0 0]
[0 0 0]
[0 0 0]
[0 0 0]
[0 0 0]
[0 0 0]
[0 0 0]
[0 0 0]
[0 0 0]
[0 0 0]
[0 0 0]
[0 0 0]
[0 0 0]
[0 0 0]
[0 0 0]
[0 0 0]
[0 0 0]
[0 0 0]
[0 0 0]
[0 0 0]
[0 0 0]
[0 0 0]
[0 0 0]
[0 0 0]
[0 0 0]
[0 0 0]
[0 0 0]
[0 0 0]
[0 0 0]
[0 0 0]
[0 0 0]
[0 0 0]
[0 0 0]
[0 0 0]
[0 0 0]
[0 0 0]
[0 0 0]
[0 0 0]
[0 0 0]
[0 0 0]
[0 0 0]
[0 0 0]
[0 0 0]
[0 0 0]
[0 0 0]
[0 0 0]
[0 0 0]
[0 0 0]
[0 0 0]
[0 0 0]
[0 0 0]
[0 0 0]
[0 0 0]
[0 0 0]
[0 0 0]
[0 0 0]
[0 0 0]
[0 0 0]
[0 0 0]
[0 0 0]
[0 0 0]
[0 0 0]
[0 0 0]
[0 0 0]
[0 0 0]
[0 0 0]
[0 0 0]
[0 0 0]
[0 0 0]
[0 0 0]
[0 0 0]
[0 0 0]
[0 0 0]
[0 0 0]
[0 0 0]
[0 0 0]
[0 0 0]
[1.99021765e-05 5.42144476e-05 2.80000000e-01]
[1.99021765e-05 5.42144476e-05 6.40000000e-01]
[1.99021765e-05 5.42144476e-05 9.20000000e-01]
[1.99021765e-05 5.42144476e-05 1.24000000e+00]
[1.99021765e-05 5.42144476e-05 1.56000000e+00]
[1.99021765e-05 5.42144476e-05 1.88000000e+00]
[1.99021765e-05 5.42144476e-05 2.20000000e+00]
[1.99021765e-05 5.42144476e-05 2.52000000e+00]
[1.99021765e-05 5.42144476e-05 2.88000000e+00]
[2.14164787e-05 5.51396777e-05 2.68000000e+00]
[2.71816473e-04 2.08132180e-04 2.36000000e+00]
[3.20716208e-03 1.99882817e-03 2.00000000e+00]
[0.00949764 0.00582729 1.72      ]
[0.02175764 0.01327257 1.4       ]
[0.04441263 0.02701666 1.08      ]
[0.07488582 0.04552341 0.76      ]
[0.11835113 0.07196647 0.44      ]
[0.17346008 0.1055391  0.12      ]
[ 0.2307373   0.14042344 -0.2       ]
[ 0.30768653  0.18724064 -0.52      ]
[ 0.39594164  0.24086898 -0.84      ]
[ 0.49499252  0.30099105 -1.16      ]
[ 0.59661827  0.36263    -1.48      ]
[ 0.64273621  0.39059413 -1.64      ]
[ 0.64273621  0.39059413 -1.64      ]
[ 0.64273621  0.39059413 -1.64      ]
[ 0.64273621  0.39059413 -1.64      ]
[ 0.64273621  0.39059413 -1.64      ]
[ 0.64273621  0.39059413 -1.64      ]
[ 0.64273621  0.39059413 -1.64      ]
[ 0.64273621  0.39059413 -1.64      ]
[0 0 0]
[0 0 0]
[0 0 0]
[0 0 0]
[0 0 0]
[0 0 0]
[0 0 0]
[0 0 0]
[0 0 0]
[0 0 0]
[0 0 0]
[0 0 0]
[0 0 0]
[0 0 0]
[0 0 0]
[0 0 0]
[0 0 0]
[0 0 0]
[0 0 0]
[0 0 0]
[0 0 0]
[0 0 0]
[0 0 0]
[0 0 0]
[0 0 0]
[0 0 0]
[0 0 0]
[0 0 0]
[0 0 0]
[0 0 0]
[0 0 0]
[0 0 0]
[0 0 0]
[0 0 0]
[0 0 0]
[0 0 0]
[0 0 0]
[0 0 0]
[0 0 0]
[0 0 0]
[0 0 0]
[0 0 0]
[0 0 0]
[0 0 0]
[0 0 0]
[0 0 0]
[0 0 0]
[0 0 0]
[0 0 0]
[0 0 0]
[0 0 0]
[0 0 0]
[0 0 0]
[0 0 0]
[0 0 0]
[0 0 0]
[0 0 0]
[0 0 0]
[0 0 0]
[0 0 0]
[0 0 0]
[0 0 0]
[0 0 0]
[0 0 0]
[0 0 0]
[0 0 0]
[0 0 0]
[0 0 0]
[0 0 0]
[0 0 0]
[0 0 0]
[0 0 0]
[0 0 0]
[0 0 0]
[0 0 0]
[0 0 0]
[0 0 0]
[0 0 0]
[0 0 0]
[0 0 0]
[0 0 0]
[0 0 0]
[0 0 0]
[0 0 0]
[0 0 0]
[0 0 0]
[0 0 0]
[0 0 0]
[0 0 0]
[0 0 0]
[0 0 0]
[0 0 0]
[0 0 0]
[0 0 0]
[0 0 0]
[0 0 0]
[0 0 0]
[0 0 0]
[0 0 0]
[0 0 0]
[0 0 0]
[0 0 0]
[0 0 0]
[0 0 0]
[0 0 0]
[0 0 0]
[0 0 0]
[0 0 0]
[0 0 0]
[0 0 0]
[0 0 0]
[0 0 0]
[0 0 0]
[0 0 0]
[0 0 0]
[0 0 0]
[0 0 0]
[0 0 0]
[0 0 0]
[0 0 0]
[0 0 0]
[0 0 0]
[0 0 0]
[0 0 0]
[0 0 0]
[0 0 0]
[0 0 0]
[0 0 0]
[0 0 0]
[0 0 0]
[0 0 0]
[0 0 0]
[0 0 0]
[0 0 0]
[0 0 0]
[0 0 0]
[0 0 0]
[0 0 0]
[0 0 0]
[0 0 0]
[0 0 0]
[0 0 0]
[0 0 0]
[0 0 0]
[0 0 0]
[0 0 0]
[0 0 0]
[0 0 0]
[0 0 0]
[0 0 0]
[0 0 0]
[0 0 0]
[0 0 0]
[0 0 0]
[0 0 0]
[0 0 0]
[0 0 0]
[0 0 0]
[0 0 0]
[0 0 0]
[0 0 0]
[0 0 0]
[0 0 0]
[0 0 0]
[0 0 0]
[0 0 0]
[0 0 0]
[0 0 0]
[0 0 0]
[0 0 0]
[0 0 0]
[0 0 0]
[0 0 0]
[0 0 0]
[0 0 0]
[0 0 0]
[0 0 0]
[0 0 0]
[0 0 0]
[0 0 0]
[0 0 0]
[0 0 0]
[0 0 0]
[0 0 0]
[0 0 0]
[0 0 0]
[0 0 0]
[0 0 0]
[0 0 0]
[0 0 0]
[0 0 0]
[2.04970394e-05 5.43627980e-05 2.40000000e-01]
[2.04970394e-05 5.43627980e-05 5.20000000e-01]
[2.04970394e-05 5.43627980e-05 8.80000000e-01]
[2.04970394e-05 5.43627980e-05 1.16000000e+00]
[2.04970394e-05 5.43627980e-05 1.52000000e+00]
[2.04970394e-05 5.43627980e-05 1.80000000e+00]
[2.04970394e-05 5.43627980e-05 2.12000000e+00]
[2.04970394e-05 5.43627980e-05 2.48000000e+00]
[2.04970394e-05 5.43627980e-05 2.80000000e+00]
[2.56094349e-05 5.74882701e-05 2.64000000e+00]
[2.72491469e-04 2.08419552e-04 2.36000000e+00]
[2.25476235e-03 1.41915774e-03 2.04000000e+00]
[0.01023892 0.0062845  1.68      ]
[0.02425363 0.01480393 1.4       ]
[0.05019143 0.03053604 1.08      ]
[0.09090199 0.05521018 0.72      ]
[0.1462149  0.08877497 0.4       ]
[0.20305939 0.1232802  0.12      ]
[ 0.28049372  0.17024089 -0.2       ]
[ 0.35299702  0.21415948 -0.48      ]
[ 0.35299702  0.21415948 -0.48      ]
[ 0.35299702  0.21415948 -0.48      ]
[ 0.35299702  0.21415948 -0.48      ]
[0 0 0]
[0 0 0]
[0 0 0]
[0 0 0]
[0 0 0]
[0 0 0]
[0 0 0]
[0 0 0]
[0 0 0]
[0 0 0]
[0 0 0]
[0 0 0]
[0 0 0]
[0 0 0]
[0 0 0]
[0 0 0]
[0 0 0]
[0 0 0]
[0 0 0]
[0 0 0]
[0 0 0]
[0 0 0]
[0 0 0]
[0 0 0]
[0 0 0]
[0 0 0]
[0 0 0]
[0 0 0]
[0 0 0]
[0 0 0]
[0 0 0]
[0 0 0]
[0 0 0]
[0 0 0]
[0 0 0]
[0 0 0]
[0 0 0]
[0 0 0]
[0 0 0]
[0 0 0]
[0 0 0]
[0 0 0]
[0 0 0]
[0 0 0]
[0 0 0]
[0 0 0]
[0 0 0]
[0 0 0]
[0 0 0]
[0 0 0]
[0 0 0]
[0 0 0]
[0 0 0]
[0 0 0]
[0 0 0]
[0 0 0]
[0 0 0]
[0 0 0]
[0 0 0]
[0 0 0]
[0 0 0]
[0 0 0]
[0 0 0]
[0 0 0]
[0 0 0]
[0 0 0]
[0 0 0]
[0 0 0]
[0 0 0]
[0 0 0]
[0 0 0]
[0 0 0]
[0 0 0]
[1.96886048e-05 5.38685580e-05 2.00000000e-01]
[1.96886048e-05 5.38685580e-05 5.20000000e-01]
[1.96886048e-05 5.38685580e-05 8.40000000e-01]
[1.96886048e-05 5.38685580e-05 1.16000000e+00]
[1.96886048e-05 5.38685580e-05 1.48000000e+00]
[1.96886048e-05 5.38685580e-05 1.80000000e+00]
[1.96886048e-05 5.38685580e-05 2.12000000e+00]
[1.96886048e-05 5.38685580e-05 2.44000000e+00]
[1.96886048e-05 5.38685580e-05 2.76000000e+00]
[2.12037363e-05 5.47952270e-05 2.68000000e+00]
[2.71740727e-04 2.08025417e-04 2.36000000e+00]
[2.86348191e-03 1.79096036e-03 2.04000000e+00]
[0.01021866 0.00627382 1.72      ]
[0.02550339 0.01556894 1.4       ]
[0.05212519 0.03172269 1.08      ]
[0.08801204 0.05348079 0.76      ]
[0.13524226 0.08214394 0.44      ]
[0.19851423 0.12056525 0.12      ]
[ 0.26993355  0.16390056 -0.2       ]
[ 0.358749    0.21772486 -0.52      ]
[ 0.45339795  0.27501655 -0.84      ]
[ 0.55846588  0.33855892 -1.16      ]
[ 0.6495584   0.39362506 -1.48      ]
[ 0.74648679  0.45220578 -1.8       ]
[ 0.86639731  0.5246354  -2.12      ]
[ 0.98376866  0.59548516 -2.44      ]
[ 1.12568464  0.68109567 -2.76      ]
[ 1.26372039  0.76432479 -3.08      ]
[ 1.39614121  0.84414474 -2.84      ]
[ 1.52156211  0.91972511 -2.52      ]
[ 1.63889074  0.99041652 -2.2       ]
[ 1.76913183  1.06886651 -1.88      ]
[ 1.92362171  1.16178818 -1.56      ]
[ 2.0691432   1.24893449 -1.24      ]
[ 2.1595325   1.30276433 -0.92      ]
[ 2.25046816  1.35662391 -0.6       ]
[ 2.34187441  1.41041167 -0.28      ]
[ 2.43367551  1.46402605 -0.52      ]
[ 2.52579571  1.5173655  -0.84      ]
[ 2.61815926  1.57032847 -1.16      ]
[ 2.7106904   1.62281339 -1.48      ]
[ 2.80331338  1.67471871 -1.8       ]
[ 2.89595246  1.72594287 -2.12      ]
[ 3.03479301  1.80130385 -2.44      ]
[ 3.19647214  1.8868375  -2.76      ]
[ 3.35773505  1.96972379 -3.08      ]
[3.51850334 2.04986657 2.88318531]
[3.69015249 2.13282719 2.56318531]
[3.84976622 2.20779648 2.24318531]
[3.99745965 2.27543645 1.92318531]
[4.13350963 2.33628491 1.60318531]
[4.28072966 2.40061898 1.28318531]
[4.45029884 2.472996   0.96318531]
[4.61948088 2.54378144 0.64318531]
[4.74325469 2.59481638 0.96318531]
[4.8442939  2.63608839 1.28318531]
[4.96722266 2.6860345  1.60318531]
[5.09036914 2.73616929 1.92318531]
[5.22656657 2.79243209 2.24318531]
[5.31826613 2.8310564  2.56318531]
[5.43316321 2.88086996 2.88318531]
[ 5.52489922  2.92271431 -3.08      ]
[ 5.61613222  2.96717625 -2.76      ]
[ 5.70654332  3.01503183 -2.44      ]
[ 5.79561212  3.06626954 -2.12      ]
[ 5.88226144  3.11870198 -1.8       ]
[ 5.9551731   3.16354791 -1.52      ]
[ 6.04370111  3.21725562 -1.16      ]
[ 6.11675386  3.26059348 -0.84      ]
[ 6.18395019  3.29970669 -0.52      ]
[ 6.24479326  3.33453122 -0.2       ]
[6.29904135 3.3651051  0.12      ]
[6.34658189 3.39151797 0.44      ]
[6.38731624 3.41386506 0.76      ]
[6.42136275 3.43232837 1.08      ]
[6.44901963 3.44716182 1.4       ]
[6.47059452 3.45862308 1.72      ]
[6.48656382 3.46703733 2.04      ]
[6.49763047 3.47282033 2.36      ]
[6.50511294 3.47671872 2.68      ]
[6.50811011 3.47851273 3.        ]
[ 6.50835933  3.47947858 -2.96318531]
[ 6.50652304  3.48033626 -2.64318531]
[ 6.50326371  3.48180573 -2.32318531]
[ 6.49708289  3.48664098 -2.00318531]
[ 6.49108857  3.4949327  -1.68318531]
[ 6.48699555  3.50371086 -1.36318531]
[ 6.48135572  3.52541224 -1.04318531]
[ 6.47858779  3.55601038 -0.72318531]
[ 6.47912009  3.58983133 -0.40318531]
[ 6.48164839  3.6199298  -0.08318531]
[6.4871312  3.65805954 0.23681469]
[6.493866   3.69200892 0.55681469]
[6.5029299  3.72888864 0.87681469]
[6.51455241 3.76856443 1.19681469]
[6.52896306 3.81090201 1.51681469]
[6.54879238 3.86154679 1.83681469]
[6.57258377 3.91528218 2.15681469]
[6.61000957 3.99181212 2.47681469]
[6.65706926 4.08105499 2.79681469]
[6.71000751 4.17680308 3.11681469]
[ 6.7772735   4.2951073  -2.84637061]
[ 6.83006364  4.38698048 -2.52637061]
[ 6.87501511  4.46522523 -2.20637061]
[ 6.92648951  4.55524017 -1.88637061]
[ 7.00064497  4.6863298  -1.56637061]
[ 7.08191532  4.83272173 -1.24637061]
[ 7.16957446  4.99477074 -0.92637061]
[ 7.25713565  5.1619269  -0.60637061]
[ 7.34357914  5.3331751  -0.28637061]
[7.42800306 5.5075164  0.03362939]
[7.50963886 5.68400058 0.35362939]
[7.58786973 5.86176243 0.67362939]
[7.66224292 6.04004966 0.35362939]
[7.72764237 6.20507816 0.03362939]
[ 7.7948383   6.3824977  -0.28637061]
[ 7.84992183  6.53415066 -0.60637061]
[ 7.89635998  6.66788457 -0.92637061]
[ 7.93399812  6.78251419 -1.24637061]
[ 7.96572325  6.8853789  -1.60637061]
[ 7.98277079  6.94378261 -1.88637061]
[ 7.99460544  6.98488842 -2.20637061]
[ 7.99951356  6.99962209 -2.52637061]
[ 8.00005587  7.00022052 -2.84637061]
[ 8.00000009  7.00000109 -2.72637061]
[ 7.99999999  6.99999996 -2.68637061]
[ 8.          7.         -2.76637061]
[ 8.          7.         -2.76637061]
[ 8.          7.         -2.64637061]
[ 8.          7.         -2.92637061]
[8.         7.         3.03681469]
[8.         7.         2.71681469]
[8.         7.         2.39681469]
[8.         7.         2.07681469]
[8.         7.         1.75681469]
[8.         7.         1.43681469]
[8.         7.         1.11681469]
[8.         7.         0.79681469]
[8.         7.         0.47681469]
[8.         7.         0.39681469]
[8.         7.         0.39681469]
[8.         7.         0.39681469]
[8.         7.         0.39681469]
[8.         7.         0.39681469]
